1
2
3
4
5
6
7
8
9
10
11
12
13
14
15
16
17
18
19
20
21
22
23
24
25
26
27
28
29
30
31
32
33
34
35
36
37
38
39
40
41
42
43
44
45
46
47
48
49
50
51
52
53
54
55
56
57
58
59
60
61
62
63
64
65
66
67
68
69
70
71
72
73
74
75
76
77
78
79
80
81
82
83
84
85
86
87
88
89
90
91
92
93
94
95
96
97
98
99
100
101
102
103
104
105
106
107
108
109
110
111
112
113
114
115
116
117
118
119
120
121
122
123
124
125
126
127
128
135
199
71
270
167
139
203
75
278
143
171
155
231
131
103
334
39
206
284
175
207
79
286
239
195
187
67
262
111
350
219
47
222
316
91
310
147
235
251
151
107
342
123
374
43
214
300
183
179
59
246
364
215
27
182
236
344
11
150
172
216
304
87
302
159
223
95
318
211
227
191
83
294
99
326
247
119
366
255
55
238
348
163
127
382
243
23
174
220
312
115
358
35
105
268
63
254
380
31
190
252
376
51
230
332
19
166
204
280
15
158
188
248
368
7
142
156
184
240
352
3
134
140
188
200
224
320
3
7
19
11
27
15
23
35
31
39
47
55
51
43
59
63
67
71
75
83
79
87
91
95
99
103
107
111
115
123
119
127
135
131
143
147
155
139
163
159
151
167
171
175
179
183
187
191
195
199
203
207
211
215
219
223
227
231
235
239
243
247
251
255
506
490
474
458
442
426
410
394
378
362
346
330
314
298
282
266
250
234
218
202
186
170
154
122
138
106
90
74
58
42
26
10
996
932
868
804
676
740
612
548
484
420
356
292
228
164
100
36
1928
1672
1160
648
392
136
3600
1416
904
1552
528
2576
6176
2080
8256
